TABLE NO.     1: First Order Conditional Estimation with Interaction: Problem=1 Subproblem=0 Superproblem1=0 Iteration1=0 Superproblem2=0 Iteration2=0
 NAME         THETA1       THETA2       THETA3       THETA4       THETA5       THETA6       SIGMA(1,1)   OMEGA(1,1)   OMEGA(2,1)   OMEGA(2,2)
 THETA1        7.58242E-03  6.86049E-02 -3.41989E-01 -2.82126E-03  6.64056E-02 -9.49752E-04  0.00000E+00 -1.25999E-04  0.00000E+00  1.69604E-04
 THETA2        6.86049E-02  1.01642E+01 -4.20231E+01 -4.29496E-02  1.07580E+00 -9.14094E-02  0.00000E+00 -1.42647E-02  0.00000E+00  2.29292E-02
 THETA3       -3.41989E-01 -4.20231E+01  8.67234E+02  1.50020E-01 -5.58978E+00  2.28003E-01  0.00000E+00  2.93728E-02  0.00000E+00 -2.60676E-02
 THETA4       -2.82126E-03 -4.29496E-02  1.50020E-01  3.04283E-03 -7.38741E-02  7.28500E-04  0.00000E+00  1.15643E-04  0.00000E+00  3.77353E-04
 THETA5        6.64056E-02  1.07580E+00 -5.58978E+00 -7.38741E-02  1.81814E+00 -1.89671E-02  0.00000E+00 -3.00925E-03  0.00000E+00 -8.96979E-03
 THETA6       -9.49752E-04 -9.14094E-02  2.28003E-01  7.28500E-04 -1.89671E-02  1.97686E-03  0.00000E+00  2.15939E-04  0.00000E+00 -3.31857E-05
 SIGMA(1,1)    0.00000E+00  0.00000E+00  0.00000E+00  0.00000E+00  0.00000E+00  0.00000E+00  0.00000E+00  0.00000E+00  0.00000E+00  0.00000E+00
 OMEGA(1,1)   -1.25999E-04 -1.42647E-02  2.93728E-02  1.15643E-04 -3.00925E-03  2.15939E-04  0.00000E+00  1.33017E-04  0.00000E+00  3.57512E-05
 OMEGA(2,1)    0.00000E+00  0.00000E+00  0.00000E+00  0.00000E+00  0.00000E+00  0.00000E+00  0.00000E+00  0.00000E+00  0.00000E+00  0.00000E+00
 OMEGA(2,2)    1.69604E-04  2.29292E-02 -2.60676E-02  3.77353E-04 -8.96979E-03 -3.31857E-05  0.00000E+00  3.57512E-05  0.00000E+00  6.98392E-04
