TABLE NO.     1: First Order Conditional Estimation with Interaction: Problem=1 Subproblem=0 Superproblem1=0 Iteration1=0 Superproblem2=0 Iteration2=0
 NAME         THETA1       THETA2       THETA3       THETA4       THETA5       THETA6       SIGMA(1,1)   OMEGA(1,1)   OMEGA(2,1)   OMEGA(2,2)
 THETA1        2.49295E+02  1.54726E+00  1.88726E-01  1.25787E+03  4.15348E+01  8.54141E+01  0.00000E+00  1.35911E+02  0.00000E+00 -2.53393E+02
 THETA2        1.54726E+00  3.12478E-01  1.51508E-02  4.53897E+01  1.73245E+00  1.13424E+01  0.00000E+00  1.63468E+01  0.00000E+00 -1.26414E+01
 THETA3        1.88726E-01  1.51508E-02  2.21636E-03  5.27046E+00  2.08388E-01  4.92002E-01  0.00000E+00  8.22590E-01  0.00000E+00 -6.50545E-01
 THETA4        1.25787E+03  4.53897E+01  5.27046E+00  4.06957E+04  1.60997E+03  2.13873E+03  0.00000E+00  3.26531E+03  0.00000E+00 -2.97538E+03
 THETA5        4.15348E+01  1.73245E+00  2.08388E-01  1.60997E+03  6.46960E+01  8.78533E+01  0.00000E+00  1.27445E+02  0.00000E+00 -1.00510E+02
 THETA6        8.54141E+01  1.13424E+01  4.92002E-01  2.13873E+03  8.78533E+01  1.10657E+03  0.00000E+00 -3.91103E+02  0.00000E+00 -3.29415E+02
 SIGMA(1,1)    0.00000E+00  0.00000E+00  0.00000E+00  0.00000E+00  0.00000E+00  0.00000E+00  0.00000E+00  0.00000E+00  0.00000E+00  0.00000E+00
 OMEGA(1,1)    1.35911E+02  1.63468E+01  8.22590E-01  3.26531E+03  1.27445E+02 -3.91103E+02  0.00000E+00  1.02220E+04  0.00000E+00 -1.20831E+03
 OMEGA(2,1)    0.00000E+00  0.00000E+00  0.00000E+00  0.00000E+00  0.00000E+00  0.00000E+00  0.00000E+00  0.00000E+00  0.00000E+00  0.00000E+00
 OMEGA(2,2)   -2.53393E+02 -1.26414E+01 -6.50545E-01 -2.97538E+03 -1.00510E+02 -3.29415E+02  0.00000E+00 -1.20831E+03  0.00000E+00  2.24710E+03
