TABLE NO.     1: First Order Conditional Estimation with Interaction: Problem=1 Subproblem=0 Superproblem1=0 Iteration1=0 Superproblem2=0 Iteration2=0
 NAME         THETA1       THETA2       THETA3       THETA4       THETA5       THETA6       SIGMA(1,1)   OMEGA(1,1)   OMEGA(2,1)   OMEGA(2,2)
 THETA1        8.70771E-02  2.47124E-01 -1.33364E-01 -5.87355E-01  5.65570E-01 -2.45312E-01  0.00000E+00 -1.25461E-01  0.00000E+00  7.37027E-02
 THETA2        2.47124E-01  3.18813E+00 -4.47593E-01 -2.44222E-01  2.50253E-01 -6.44862E-01  0.00000E+00 -3.87948E-01  0.00000E+00  2.72147E-01
 THETA3       -1.33364E-01 -4.47593E-01  2.94488E+01  9.23510E-02 -1.40771E-01  1.74134E-01  0.00000E+00  8.64815E-02  0.00000E+00 -3.34952E-02
 THETA4       -5.87355E-01 -2.44222E-01  9.23510E-02  5.51619E-02 -9.93206E-01  2.97032E-01  0.00000E+00  1.81771E-01  0.00000E+00  2.58857E-01
 THETA5        5.65570E-01  2.50253E-01 -1.40771E-01 -9.93206E-01  1.34839E+00 -3.16373E-01  0.00000E+00 -1.93504E-01  0.00000E+00 -2.51721E-01
 THETA6       -2.45312E-01 -6.44862E-01  1.74134E-01  2.97032E-01 -3.16373E-01  4.44619E-02  0.00000E+00  4.21103E-01  0.00000E+00 -2.82432E-02
 SIGMA(1,1)    0.00000E+00  0.00000E+00  0.00000E+00  0.00000E+00  0.00000E+00  0.00000E+00  0.00000E+00  0.00000E+00  0.00000E+00  0.00000E+00
 OMEGA(1,1)   -1.25461E-01 -3.87948E-01  8.64815E-02  1.81771E-01 -1.93504E-01  4.21103E-01  0.00000E+00  1.15333E-02  0.00000E+00  1.17297E-01
 OMEGA(2,1)    0.00000E+00  0.00000E+00  0.00000E+00  0.00000E+00  0.00000E+00  0.00000E+00  0.00000E+00  0.00000E+00  0.00000E+00  0.00000E+00
 OMEGA(2,2)    7.37027E-02  2.72147E-01 -3.34952E-02  2.58857E-01 -2.51721E-01 -2.82432E-02  0.00000E+00  1.17297E-01  0.00000E+00  2.64271E-02
