TABLE NO.     1: First Order Conditional Estimation with Interaction: Problem=1 Subproblem=0 Superproblem1=0 Iteration1=0 Superproblem2=0 Iteration2=0
 NAME         THETA1       THETA2       THETA3       THETA4       SIGMA(1,1)   SIGMA(2,1)   SIGMA(2,2)   OMEGA(1,1)   OMEGA(2,1)   OMEGA(2,2)
 THETA1        4.79769E-02  4.29692E-01  8.70392E-03 -6.48806E-01 -8.90666E+00  0.00000E+00  3.13143E-05 -1.68915E-03 -7.37850E-04 -5.05476E-05
 THETA2        4.29692E-01  1.36733E+01  2.11301E-01  1.13404E+01 -2.55741E+02  0.00000E+00  9.77923E-04  1.98940E-02  1.15727E-02  9.06466E-03
 THETA3        8.70392E-03  2.11301E-01  3.92950E-02  6.11008E-02 -5.54964E+00  0.00000E+00  2.42579E-05 -9.07560E-04 -9.03934E-04 -9.09444E-04
 THETA4       -6.48806E-01  1.13404E+01  6.11008E-02  5.64552E+01 -5.33019E+01  0.00000E+00  8.02492E-04  1.15651E-01  4.96172E-02  1.39785E-02
 SIGMA(1,1)   -8.90666E+00 -2.55741E+02 -5.54964E+00 -5.33019E+01  3.28635E+04  0.00000E+00 -7.31492E-02 -6.26075E-01 -5.49760E-01 -5.49111E-01
 SIGMA(2,1)    0.00000E+00  0.00000E+00  0.00000E+00  0.00000E+00  0.00000E+00  0.00000E+00  0.00000E+00  0.00000E+00  0.00000E+00  0.00000E+00
 SIGMA(2,2)    3.13143E-05  9.77923E-04  2.42579E-05  8.02492E-04 -7.31492E-02  0.00000E+00  3.44055E-07  1.67361E-06  5.63387E-07  8.72993E-07
 OMEGA(1,1)   -1.68915E-03  1.98940E-02 -9.07560E-04  1.15651E-01 -6.26075E-01  0.00000E+00  1.67361E-06  6.50627E-04  3.81521E-04  2.07090E-04
 OMEGA(2,1)   -7.37850E-04  1.15727E-02 -9.03934E-04  4.96172E-02 -5.49760E-01  0.00000E+00  5.63387E-07  3.81521E-04  2.99750E-04  2.36073E-04
 OMEGA(2,2)   -5.05476E-05  9.06466E-03 -9.09444E-04  1.39785E-02 -5.49111E-01  0.00000E+00  8.72993E-07  2.07090E-04  2.36073E-04  2.75068E-04
