TABLE NO.     1: First Order Conditional Estimation with Interaction: Problem=1 Subproblem=0 Superproblem1=0 Iteration1=0 Superproblem2=0 Iteration2=0
 NAME         THETA1       THETA2       THETA3       THETA4       SIGMA(1,1)   SIGMA(2,1)   SIGMA(2,2)   OMEGA(1,1)   OMEGA(2,1)   OMEGA(2,2)
 THETA1        8.11127E+01 -4.14216E+00  2.67911E+00  1.79317E+00 -9.79113E-03  0.00000E+00 -1.67718E+03 -1.23061E+02  2.97607E+02 -1.07851E+02
 THETA2       -4.14216E+00  3.32299E-01 -6.44358E-01 -1.16895E-01  8.88908E-04  0.00000E+00 -9.00845E+01  1.11991E+01 -2.10837E+01  3.82179E+00
 THETA3        2.67911E+00 -6.44358E-01  3.23008E+01  4.03470E-02  1.64656E-03  0.00000E+00 -9.12694E+02  4.39807E+01 -2.29553E+01  1.19244E+02
 THETA4        1.79317E+00 -1.16895E-01  4.03470E-02  7.85720E-02 -4.97652E-04  0.00000E+00 -6.53353E+01 -1.55747E+01  1.91521E+01 -5.17518E+00
 SIGMA(1,1)   -9.79113E-03  8.88908E-04  1.64656E-03 -4.97652E-04  6.76296E-05  0.00000E+00  1.42805E+01 -1.53248E-01  4.93562E-01 -2.18891E-01
 SIGMA(2,1)    0.00000E+00  0.00000E+00  0.00000E+00  0.00000E+00  0.00000E+00  0.00000E+00  0.00000E+00  0.00000E+00  0.00000E+00  0.00000E+00
 SIGMA(2,2)   -1.67718E+03 -9.00845E+01 -9.12694E+02 -6.53353E+01  1.42805E+01  0.00000E+00  7.01017E+06 -1.08512E+05  2.68258E+05 -1.39311E+05
 OMEGA(1,1)   -1.23061E+02  1.11991E+01  4.39807E+01 -1.55747E+01 -1.53248E-01  0.00000E+00 -1.08512E+05  2.18835E+04 -4.14683E+04  1.96979E+04
 OMEGA(2,1)    2.97607E+02 -2.10837E+01 -2.29553E+01  1.91521E+01  4.93562E-01  0.00000E+00  2.68258E+05 -4.14683E+04  9.37034E+04 -4.93651E+04
 OMEGA(2,2)   -1.07851E+02  3.82179E+00  1.19244E+02 -5.17518E+00 -2.18891E-01  0.00000E+00 -1.39311E+05  1.96979E+04 -4.93651E+04  3.16890E+04
