TABLE NO.     1: First Order Conditional Estimation with Interaction: Problem=1 Subproblem=0 Superproblem1=0 Iteration1=0 Superproblem2=0 Iteration2=0
 NAME         THETA1       THETA2       THETA3       THETA4       SIGMA(1,1)   SIGMA(2,1)   SIGMA(2,2)   OMEGA(1,1)   OMEGA(2,1)   OMEGA(2,2)
 THETA1        2.19036E-01  5.30523E-01  2.00461E-01 -3.94227E-01 -2.24306E-01  0.00000E+00  2.43732E-01 -3.02334E-01 -1.94568E-01 -1.39144E-02
 THETA2        5.30523E-01  3.69774E+00  2.88268E-01  4.08169E-01 -3.81511E-01  0.00000E+00  4.50873E-01  2.10921E-01  1.80766E-01  1.47807E-01
 THETA3        2.00461E-01  2.88268E-01  1.98230E-01  4.10229E-02 -1.54433E-01  0.00000E+00  2.08627E-01 -1.79490E-01 -2.63383E-01 -2.76623E-01
 THETA4       -3.94227E-01  4.08169E-01  4.10229E-02  7.51367E+00 -3.91322E-02  0.00000E+00  1.82085E-01  6.03438E-01  3.81418E-01  1.12173E-01
 SIGMA(1,1)   -2.24306E-01 -3.81511E-01 -1.54433E-01 -3.91322E-02  1.81283E+02  0.00000E+00 -6.87921E-01 -1.35395E-01 -1.75161E-01 -1.82635E-01
 SIGMA(2,1)    0.00000E+00  0.00000E+00  0.00000E+00  0.00000E+00  0.00000E+00  0.00000E+00  0.00000E+00  0.00000E+00  0.00000E+00  0.00000E+00
 SIGMA(2,2)    2.43732E-01  4.50873E-01  2.08627E-01  1.82085E-01 -6.87921E-01  0.00000E+00  5.86562E-04  1.11860E-01  5.54770E-02  8.97380E-02
 OMEGA(1,1)   -3.02334E-01  2.10921E-01 -1.79490E-01  6.03438E-01 -1.35395E-01  0.00000E+00  1.11860E-01  2.55074E-02  8.63919E-01  4.89524E-01
 OMEGA(2,1)   -1.94568E-01  1.80766E-01 -2.63383E-01  3.81418E-01 -1.75161E-01  0.00000E+00  5.54770E-02  8.63919E-01  1.73133E-02  8.22142E-01
 OMEGA(2,2)   -1.39144E-02  1.47807E-01 -2.76623E-01  1.12173E-01 -1.82635E-01  0.00000E+00  8.97380E-02  4.89524E-01  8.22142E-01  1.65852E-02
